0
7904631
7905141
9568465
9573662
10219873
10226256
11798852
11807509
14616517
14625470
14862824
14869533
32227796
32237246
32592083
32601128
34033236
34041287
34927107
34934261
39558012
39567822
41927155
41932480
43230144
43235923
45629725
45630350
47772830
47781769
53187233
53190575
66461233
66462388
68651516
68653542
70947642
70955619
77154788
77159958
78647484
78653994
81178150
81181236
84220482
84228007
85856588
85866480
88030811
88033476
92235921
92237703
97388705
97390339
100276491
100279661
101350379
101353691
103604075
103606366
104459780
104460635
108492019
108494111
114390710
114391446
117536756
117541545
120665731
120666934
121314793
121316911
122927552
122937196
127585604
127590186
128175294
128184661
130359923
130363493
132764073
132767184
133253438
133255865
135866710
135871106
137747731
137753648
138256908
138263112
143493765
143501948
145295243
145299880
146446789
146447695
150207773
150208712
150628856
150634240
156804116
156806326
163272256
163273979
167127813
167135725
167463407
167465129
168341629
168345792
168712275
168720978
169149652
169156700
170985307
170991802
172393188
172394133
172421661
172431381
172695519
172704995
175859873
175867539
181685384
181689837
187493868
187495625
194591116
194593254
196434662
196438013
199091214
199096823
201393209
201398569
203210135
203219397
208305002
208308876
220624486
220628794
225035737
225042703
225135526
225138193
225166366
225173751
225724499
225732493
227263544
227269407
229927236
229927885
236552984
236555752
238965985
238968552
240498761
240499825
244808220
244814922
248281491
248287500
252904953
252906141
256765995
256770817
257807241
257815130
262275266
262280645
264396135
264399832
269595344
269603921
274932143
274939411
275376435
275378318
277391942
277399826
279504312
279512758
283011940
283017889
285639062
285642901
287690668
287691897
288129098
288132311
288527311
288534395
289203534
289211633
290251575
290257193
293116468
293117796
305696206
305702979
312661559
312670411
316880490
316881736
326195458
326203200
328375782
328377072
329779071
329780794
333784840
333790722
335303421
335311945
338678783
338681522
340249221
340255856
343740824
343744829
350581722
350582295
351320964
351325352
353952495
353959666
354234031
354241996
356991661
357000440
357296112
357300615
360284075
360289693
362447729
362456400
364032289
364040561
366068647
366071812
367572113
367581442
370275052
370279122
374241696
374245163
384742510
384749529
385277457
385279519
391659303
391661759
395408886
395413524
409342284
409348398
413814932
413822039
414416646
414425091
414519786
414522943
416316109
416322365
422311771
422313056
422715109
422717005
424430836
424439135
425727166
425732170
429887919
429893275
432002522
432003771
437200375
437203122
438471663
438472837
439302905
439312720
441596569
441605706
442473553
442475502
444053406
444062219
444082093
444089235
445368719
445373712
446751973
446753513
449237112
449240627
457026359
457028532
465232386
465241351
474886749
474896284
478245906
478254571
481122296
481124810
487849136
487857979
493213054
493220625
496546937
496552094
500730330
500734710
501495444
501500132
502618982
502625109
506225978
506235690
507074757
507076159
510391650
510401588
522057951
522065426
523392345
523401715
524263762
524272536
528603346
528610341
529084150
529090279
529797698
529804619
532148931
532153852
545068382
545069620
550428486
550436693
553877563
553882903
555205382
555211532
560404182
560405253
561337126
561339742
561969220
561975617
563060349
563067800
564851187
564858233
564863215
564869638
565330768
565336495
570158056
570163480
571163063
571172221
574128602
574132941
578888793
578889640
580185076
580185798
586447059
586449604
589544675
589548154
591635006
591636754
592479933
592482262
593140764
593141302
600249105
600256009
601780213
601785669
605890959
605892765
607240417
607246258
607297320
607301606
613196555
613201032
614294476
614297864
614382198
614390379
614721533
614723005
620517218
620521703
620606361
620608299
625457181
625466819
637330737
637337693
639314192
639321196
639645359
639652744
641098042
641106462
642914563
642920807
645941657
645950537
646445386
646448209
649339120
649347030
649695191
649698764
651442151
651451774
655950179
655955937
656490455
656491290
660413541
660415850
661225126
661228304
661883021
661885089
665898004
665906236
667889533
667890709
686222357
686228392
687898978
687905656
691270364
691274392
698255750
698262966
699502658
699506791
701838656
701848546
706602091
706606577
708809025
708818170
711894147
711903440
718650555
718655132
722529283
722532406
723633242
723634572
728747956
728757171
729446198
729451489
731079271
731084096
732681306
732684434
738661786
738667979
744629973
744637279
745138973
745148784
751614704
751622188
752525966
752533392
753244131
753249178
753590264
753597023
754207140
754216568
757563957
757571710
762888544
762893362
763145112
763150262
763950542
763959369
764710107
764715382
765832607
765834104
765903665
765906205
773601483
773609606
775511942
775519963
775652866
775659538
779517353
779524832
790565431
790571036
791059840
791065792
797345491
797348953
798754487
798763100
800263147
800265298
809990884
809999747
810480600
810484151
813675419
813681668
813772579
813774101
815115095
815119647
816119211
816128598
818481722
818487404
821607485
821609794
829318234
829320235
829459049
829465420
833260793
833267462
840925520
840933691
843074049
843079574
844875970
844880863
846080391
846086560
853808948
853814696
854235173
854244022
855102482
855106119
855600928
855608472
860652102
860657948
865751589
865756957
869023608
869025312
875193490
875201054
875338409
875347651
879367270
879373744
882269117
882276920
884004915
884008563
885570471
885576478
893245913
893253685
893413600
893415665
897964984
897970678
899988108
899989700
901176032
901178460
906136590
906142547
915298946
915306687
915966891
915973255
919354924
919359404
920639329
920648974
920981091
920982067
925504220
925511951
932315492
932325083
934250073
934258480
940540653
940549600
952908963
952910311
955261658
955262924
956679252
956684387
958102549
958110936
960237624
960240028
964084242
964091042
969484814
969490457
972017177
972021108
976498794
976502441
979134877
979138723
982069141
982074991
986505171
986507908
988072882
988075783
991527743
991535368
992699022
992704957
995020106
995025357
999984683
999987013
1000258991
1000268682
1000753187
1000759999
1006577262
1006582062
1010388104
1010392976
1014655445
1014656538
1016203252
1016207609
1017765593
1017767023
1018737746
1018745325
1024184117
1024189213
1025350994
1025358007
1027975496
1027985203
1029247679
1029253579
1029599037
1029608902
1031924539
1031930560
1033814655
1033824535
1035362339
1035364431
1036083637
1036091847
1037693123
1037694833
1038693837
1038700271
1039115599
1039117534
1039689774
1039697938
1040977727
1040984408
1041228554
1041230115
1044135809
1044144297
1045040955
1045043984
1048395064
1048399944
1049544372
1049550308
1049799910
1049806230
1050280121
1050287192
1051738110
1051744055
1053777143
1053782547
1054682356
1054690052
1057453488
1057459934
1063319886
1063325926
1070264673
1070272187
1072768965
1072776971
1073806267
1073815032
1077133618
1077136611
1085907262
1085915699
1092923794
1092925083
1093810280
1093817552
1094070288
1094073477
1103599925
1103605008
1104854194
1104860433
1107510724
1107515529
1108877489
1108885618
1110519137
1110527063
1111642297
1111651680
1112595506
1112596060
1115374391
1115375860
1120604087
1120611426
1121887740
1121895640
1122152831
1122157517
1124668044
1124674556
1130288531
1130289167
1138217018
1138222731
1138598571
1138605148
1141066893
1141071983
1143328555
1143329735
1144055914
1144060944
1154888440
1154897567
1157440361
1157449248
1160474042
1160476426
1164182111
1164191427
1164223260
1164225127
1168214742
1168221818
1168670837
1168672046
1169032204
1169042092
1172064286
1172067854
1172407616
1172411138
1176898762
1176901155
1181205026
1181209994
1183723806
1183731552
1206123595
1206124853
1206863397
1206870345
1209842625
1209845536
1214385372
1214391658
1214827454
1214833474
1222902744
1222903359
1228478722
1228485517
1232865538
1232872598
1236414250
1236418608
1241708230
1241716685
1243173326
1243175688
1243246402
1243247418
1247100970
1247103792
1254383226
1254385782
1256247517
1256250762
1256686514
1256696046
1258144128
1258146496
1263044404
1263048504
1265033541
1265042315
1266419892
1266427019
1270126023
1270127824
1281856639
1281862155
1283230431
1283235069
1284066520
1284071857
1288246477
1288255919
1292634234
1292637884
1293874921
1293875586
1296619900
1296626916
1297271835
1297282418
1298576640
1298582705
1298658234
1298660757
1300693244
1300702805
1301163299
1301165360
1302617162
1302622200
1309438637
1309444540
1313353369
1313357935
1314772329
1314780863
1315768866
1315770782
1317281082
1317287512
1319965482
1319969772
1320916580
1320926207
1324623725
1324628572
1328857799
1328865668
1337420570
1337428694
1339342861
1339351502
1340658272
1340666739
1341853348
1341855875
1343211025
1343213347
1344756127
1344760394
1345177177
1345186340
1346830844
1346838047
1347676408
1347681729
1349397521
1349403534
1350321250
1350330484
1357032883
1357038472
1368777031
1368780229
1375448423
1375456934
1376254609
1376258246
1378167439
1378174687
1378783355
1378787710
1386419193
1386425846
1391179045
1391181234
1397328761
1397338041
1398329587
1398332449
1398393645
1398394779
1402085409
1402088746
1402599091
1402601522
1403766856
1403768467
1405980189
1405986865
1407132448
1407135514
1410473024
1410475077
1410675244
1410679876
1414311552
1414314546
1414324826
1414332676
1415474243
1415483697
1415863470
1415872065
1416812765
1416813484
1418980713
1418985375
1419998030
1419998854
1422068632
1422077581
1424408156
1424414649
1432240117
1432248317
1434077474
1434078422
1435201257
1435205577
1436096806
1436105635
1436256148
1436260903
1437095034
1437097108
1438848202
1438856881
1441600337
1441606632
1445688243
1445693146
1445724709
1445725458
1446545071
1446547621
1446572928
1446574538
1447228952
1447235024
1448951569
1448957653
1452306923
1452312296
1453597943
1453598897
1458997023
1459000587
1461307290
1461312288
1463153286
1463161430
1463423680
1463429372
1463434794
1463439113
1466098605
1466100556
1466880033
1466887940
1469236917
1469239374
1469395682
1469405537
1471801674
1471808842
1473787681
1473792833
1475389367
1475390698
1478041409
1478045266
1478726550
1478731243
1481874024
1481874971
1483370860
1483373255
1485226534
1485236240
1494484417
1494485241
1494497964
1494501212
1496503647
1496507956
1498903598
1498909103
1504216894
1504221401
1509925738
1509928080
1510946798
1510949726
1511463594
1511465295
1515191012
1515200144
1516448061
1516454621
1525477437
1525478856
1526142558
1526152073
1531473756
1531479887
1535570516
1535571228
1541103187
1541107473
1544196921
1544199277
1545255579
1545259714
1552221359
1552228702
1553538801
1553541238
1555625347
1555630042
1555797071
1555797667
1557402854
1557409639
1565132021
1565133098
1566341507
1566349897
1569799294
1569802913
1571506023
1571509890
1572082206
1572091804
1573280984
1573285658
1573729725
1573730722
1577081024
1577084658
1577548067
1577549847
1578050227
1578059182
1578349763
1578353973
1578780005
1578785337
1578798923
1578807186
1580889668
1580891421
1582859886
1582868359
1586837597
1586846865
1587890711
1587898447
1597983602
1597992645
1599076848
1599080157
1610435198
1610441034
1612570262
1612577133
1613200120
1613207749
1613994944
1614004630
1616114064
1616120152
1617644648
1617654015
1628667837
1628673825
1633245120
1633254651
1633952234
1633956020
1635757956
1635760453
1637195654
1637201855
1637244881
1637252371
1638952251
1638960657
1646999102
1647005764
1654274563
1654280217
1658463380
1658464982
1661718898
1661727820
1664098746
1664103389
1664734707
1664740616
1666080865
1666085190
1666484919
1666488948
1667413469
1667416661
1672371991
1672375244
1681641012
1681642621
1685320807
1685325748
1689967720
1689973560
1691422336
1691423995
1692339886
1692346908
1692526197
1692536025
1699092823
1699102149
1699875458
1699880402
1700088774
1700089790
1700380462
1700388968
1702885674
1702894000
1704074194
1704083790
1704446826
1704451467
1707736829
1707740290
1707751222
1707754167
1721481421
1721483582
1727477054
1727481445
1728326980
1728330772
1730690560
1730693444
1732113967
1732121863
1734744940
1734749400
1736398991
1736402822
1737112198
1737115896
1740258651
1740263019
1740735697
1740740698
1744079367
1744083162
1747665046
1747666942
1748379361
1748387579
1751004408
1751013626
1756978693
1756988110
1757678667
1757684612
1757691116
1757692217
1757858761
1757868277
1766022058
1766031246
1768584678
1768585330
1771887279
1771889809
1774539141
1774548127
1774738373
1774739724
1777192489
1777199258
1777800989
1777803338
1782447617
1782449916
1783126100
1783127670
1787172530
1787176044
1790005688
1790014255
1794992281
1794997806
1808107802
1808108718
1808667970
1808677947
1811504970
1811506954
1815343372
1815351422
1820633308
1820636441
1830382927
1830390387
1831475145
1831481462
1839480273
1839489409
1844713709
1844714552
1846177810
1846182535
1851464846
1851466882
1852980044
1852982848
1857314841
1857323571
1859157937
1859160688
1863313298
1863316079
1863583713
1863584380
1865737038
1865738581
1866882020
1866883970
1868265967
1868272804
1871446646
1871454830
1872298052
1872300497
1874190779
1874193834
1875365005
1875371644
1885175724
1885179399
1896497805
1896506640
1904271851
1904280799
1904790202
1904792991
1905237098
1905240218
1905461330
1905467583
1907247791
1907257382
1908011361
1908011901
1911499622
1911503674
1913763653
1913764391
1915425714
1915433057
1915515306
1915524694
1917179964
1917187436
1918085325
1918094793
1918195384
1918196000
1921693333
1921697260
1926827882
1926834131
1928798679
1928806017
1930282776
1930291456
1930338281
1930342676
1934953780
1934959414
1938133027
1938142603
1939678032
1939687429
1946886918
1946895122
1947977911
1947979530
1950480438
1950484505
1955601355
1955604838
1958276845
1958280195
1959520326
1959530026
1961682881
1961688584
1963948243
1963952833
1964340739
1964350235
1977927994
1977930193
1980501248
1980508104
1984349336
1984353816
1987012091
1987021429
1988545178
1988554789
1991121221
1991131048
1992678543
1992684431
1995647208
1995653880
2001005684
2001012887
2004988784
2004996664
2005242630
2005249323
2006762110
2006768761
2008415835
2008418582
2013267849
2013271356
2015037898
2015041919
2017663626
2017666997
2018564306
2018569058
2018991395
2019000194
2024257241
2024258652
2027045550
2027050884
2027144225
2027145135
2029704176
2029708941
2032009775
2032015688
2032887534
2032889662
2039478362
2039484143
2039618755
2039621913
2041590941
2041596903
2046671633
2046674987
2049257037
2049258750
2049987913
2049991893
2051661808
2051671378
2061025981
2061030611
2066313300
2066313928
2067794692
2067795254
2070117097
2070122992
2070595113
2070595717
2073765242
2073769951
2075049912
2075052494
2077228994
2077230759
2080462015
2080464934
2081535678
2081541803
2084777751
2084780942
2084869037
2084875467
2087615943
2087625600
2091235527
2091243635
2095184199
2095185684
2096845061
2096853613
2100450163
2100453499
2103327678
2103328408
2104217992
2104224652
2107622043
2107627796
2108239182
2108243812
2113968434
2113969368
2118164804
2118167134
2127170676
2127177966
2131132139
2131137604
2133610431
2133620034
2134455530
2134464840
2144376361
2144379973
2149891986
2149899142
2151256602
2151263249
2155909395
2155912308
2164361733
2164370940
2171273366
2171281023
2173100824
2173102595
2175968366
2175977688
2177787304
2177794956
2179413015
2179421692
2179671800
2179677284
2179998788
2180004135
2183520798
2183528157
2189797570
2189803989
2192734293
2192737238
2193557624
2193558231
2199640306
2199643016
2200010766
2200017542
2200059887
2200065542
2202323397
2202331203
2202410055
2202414094
2210629778
2210632549
2219179410
2219182731
2221052646
2221055972
2223397058
2223398072
2230383375
2230391456
2234700548
2234703301
2249034470
2249040580
2250722900
2250727973
2250919767
2250920975
2251653521
2251662330
2251944892
2251950702
2253055903
2253065658
2253526839
2253535248
2255624847
2255634791
2263957456
2263967360
2264873029
2264882539
2265838467
2265846645
2266366071
2266370662
2267466723
2267471678
2269063598
2269066956
2271485038
2271485556
2274013975
2274017996
2276335978
2276343829
2282391359
2282399540
2284558283
2284565230
2285196975
2285205580
2287692484
2287693091
2288127478
2288131009
2289090088
2289095995
2292802333
2292806245
2295175701
2295176267
2297281263
2297288354
2299883760
2299887434
2301854700
2301855355
2302410084
2302413607
2303736900
2303744095
2304705988
2304707632
2304822795
2304824644
2305547755
2305556457
2306104044
2306112942
2318394217
2318399299
2321742538
2321745724
2322787193
2322793305
2328806492
2328813774
2332871180
2332872105
2334100451
2334109369
2337225266
2337229796
2342368338
2342377008
2342838726
2342843232
2351315123
2351317134
2351562023
2351564337
2351848862
2351850379
2351926788
2351931667
2352962673
2352970859
2357131688
2357140570
2357839975
2357840604
2358819509
2358823419
2360317223
2360327075
2368797743
2368799048
2369855451
2369857112
2371962247
2371966030
2374176056
2374178399
2377257321
2377262691
2380715590
2380724424
2383721289
2383729484
2391842820
2391850028
2395073035
2395080003
2396257093
2396257840
2398215638
2398222787
2414530663
2414531367
2417088058
2417092991
2422622717
2422631457
2428267972
2428277581
2431815974
2431825415
2432128372
2432136860
2432402976
2432412659
2433838404
2433844964
2437870203
2437871824
2442196132
2442204138
2442528001
2442531383
2455626739
2455629897
2455733616
2455741332
2462721510
2462728855
2465348445
2465349682
2467900518
2467904917
2470185431
2470188011
2470208816
2470217711
2481931033
2481936183
2482252858
2482254370
2482503369
2482507341
2484040794
2484044255
2491642018
2491646076
2495035244
2495041767
2495374797
2495381663
2498212155
2498214535
2498246992
2498252595
2500942627
2500944870
2501906385
2501913816
2502583762
2502589661
2503695340
2503702960
2504766180
2504776054
2506484647
2506486800
2507306594
2507312568
2507569408
2507578181
2508652685
2508659971
2512776406
2512785321
2514724280
2514732883
2516257425
2516266181
2519802101
2519805191
2521864304
2521870500
2529228314
2529230535
2531767457
2531773198
2533437918
2533438910
2535492997
2535501241
2536264907
2536266656
2542193763
2542197880
2544249901
2544250423
2549632263
2549634775
2550412331
2550421809
2553613198
2553622004
2558323084
2558323979
2565113733
2565120108
2567494626
2567500135
2570000159
2570003916
2570893452
2570894242
2571497563
2571506449
2574662131
2574667139
2574908545
2574910964
2583543407
2583550592
2585550637
2585554735
2589837443
2589838286
2590850490
2590859151
2600716617
2600718046
2603616208
2603623162
2606434473
2606441413
2607751640
2607760599
2611887416
2611895099
2613890247
2613896164
2614895350
2614896952
2615607343
2615614197
2622751070
2622753490
2625396637
2625403474
2627693413
2627700694
2630890274
2630896646
2633424003
2633427698
2634736234
2634737139
2637492851
2637496234
2640099917
2640103122
2641483732
2641490816
2641728526
2641731026
2643770046
2643776674
2644565776
2644575486
2644674205
2644682102
2645856029
2645857455
2647458636
2647461361
2650246592
2650252596
2650375962
2650376491
2651625530
2651627178
2651950338
2651958128
2652904455
2652911616
2658938352
2658946221
2659238160
2659244367
2661424530
2661429549
2665236436
2665239861
2667236185
2667245392
2669703206
2669704797
2669763388
2669766231
2672089216
2672091861
2672967919
2672977599
2674198283
2674205058
2680074449
2680084404
2684347704
2684350338
2689394149
2689399702
2691735722
2691738941
2691752183
2691755909
2695653722
2695662245
2696247427
2696256449
2698535917
2698541407
2702077852
2702082728
2704508822
2704510030
2706921078
2706925447
2716504703
2716508487
2718760174
2718768323
2728945809
2728955791
2733435458
2733440174
2734791086
2734800556
2739341667
2739346455
2739835121
2739839051
2742179056
2742183067
2742477709
2742483295
2747601802
2747602338
2750642347
2750648770
2752779889
2752786546
2754256185
2754258486
2758064521
2758074517
2765142122
2765143896
2765698853
2765701408
2768293392
2768296550
2768454331
2768458303
2772048542
2772050689
2775507460
2775515957
2777034422
2777040323
2777300654
2777305731
2778744507
2778749952
2779116346
2779120666
2779656834
2779661708
2779803237
2779813133
2780318221
2780326732
2781255626
2781258144
2788178854
2788185243
2793482525
2793485657
2794099333
2794103484
2797306683
2797314702
2798396514
2798399144
2798448996
2798452957
2803033568
2803042162
2804219828
2804225533
2807289262
2807290773
2808298644
2808301203
2812343664
2812352798
2812697248
2812697872
2814965793
2814968587
2816499679
2816504464
2825499876
2825506554
2826257208
2826263812
2827395644
2827404287
2827844873
2827854151
2830103265
2830111915
2831379481
2831381718
2832943449
2832950701
2835870929
2835878521
2838306150
2838309062
2838619401
2838626275
2841525203
2841529696
2842659616
2842661363
2842946863
2842948513
2846024210
2846034069
2848034850
2848043943
2849042255
2849048858
2854152222
2854160095
2854263135
2854267598
2857364684
2857374461
2859921063
2859930076
2865208525
2865212837
2867005398
2867012868
2870131901
2870138955
2871445387
2871447211
2872754051
2872760640
