7904630
7905140
9568464
9573661
10219872
10226255
11798851
11807508
14616516
14625469
14862823
14869532
32227795
32237245
32592082
32601127
34033235
34041286
34927106
34934260
39558011
39567821
41927154
41932479
43230143
43235922
45629724
45630349
47772829
47781768
53187232
53190574
66461232
66462387
68651515
68653541
70947641
70955618
77154787
77159957
78647483
78653993
81178149
81181235
84220481
84228006
85856587
85866479
88030810
88033475
92235920
92237702
97388704
97390338
100276490
100279660
101350378
101353690
103604074
103606365
104459779
104460634
108492018
108494110
114390709
114391445
117536755
117541544
120665730
120666933
121314792
121316910
122927551
122937195
127585603
127590185
128175293
128184660
130359922
130363492
132764072
132767183
133253437
133255864
135866709
135871105
137747730
137753647
138256907
138263111
143493764
143501947
145295242
145299879
146446788
146447694
150207772
150208711
150628855
150634239
156804115
156806325
163272255
163273978
167127812
167135724
167463406
167465128
168341628
168345791
168712274
168720977
169149651
169156699
170985306
170991801
172393187
172394132
172421660
172431380
172695518
172704994
175859872
175867538
181685383
181689836
187493867
187495624
194591115
194593253
196434661
196438012
199091213
199096822
201393208
201398568
203210134
203219396
208305001
208308875
220624485
220628793
225035736
225042702
225135525
225138192
225166365
225173750
225724498
225732492
227263543
227269406
229927235
229927884
236552983
236555751
238965984
238968551
240498760
240499824
244808219
244814921
248281490
248287499
252904952
252906140
256765994
256770816
257807240
257815129
262275265
262280644
264396134
264399831
269595343
269603920
274932142
274939410
275376434
275378317
277391941
277399825
279504311
279512757
283011939
283017888
285639061
285642900
287690667
287691896
288129097
288132310
288527310
288534394
289203533
289211632
290251574
290257192
293116467
293117795
305696205
305702978
312661558
312670410
316880489
316881735
326195457
326203199
328375781
328377071
329779070
329780793
333784839
333790721
335303420
335311944
338678782
338681521
340249220
340255855
343740823
343744828
350581721
350582294
351320963
351325351
353952494
353959665
354234030
354241995
356991660
357000439
357296111
357300614
360284074
360289692
362447728
362456399
364032288
364040560
366068646
366071811
367572112
367581441
370275051
370279121
374241695
374245162
384742509
384749528
385277456
385279518
391659302
391661758
395408885
395413523
409342283
409348397
413814931
413822038
414416645
414425090
414519785
414522942
416316108
416322364
422311770
422313055
422715108
422717004
424430835
424439134
425727165
425732169
429887918
429893274
432002521
432003770
437200374
437203121
438471662
438472836
439302904
439312719
441596568
441605705
442473552
442475501
444053405
444062218
444082092
444089234
445368718
445373711
446751972
446753512
449237111
449240626
457026358
457028531
465232385
465241350
474886748
474896283
478245905
478254570
481122295
481124809
487849135
487857978
493213053
493220624
496546936
496552093
500730329
500734709
501495443
501500131
502618981
502625108
506225977
506235689
507074756
507076158
510391649
510401587
522057950
522065425
523392344
523401714
524263761
524272535
528603345
528610340
529084149
529090278
529797697
529804618
532148930
532153851
545068381
545069619
550428485
550436692
553877562
553882902
555205381
555211531
560404181
560405252
561337125
561339741
561969219
561975616
563060348
563067799
564851186
564858232
564863214
564869637
565330767
565336494
570158055
570163479
571163062
571172220
574128601
574132940
578888792
578889639
580185075
580185797
586447058
586449603
589544674
589548153
591635005
591636753
592479932
592482261
593140763
593141301
600249104
600256008
601780212
601785668
605890958
605892764
607240416
607246257
607297319
607301605
613196554
613201031
614294475
614297863
614382197
614390378
614721532
614723004
620517217
620521702
620606360
620608298
625457180
625466818
637330736
637337692
639314191
639321195
639645358
639652743
641098041
641106461
642914562
642920806
645941656
645950536
646445385
646448208
649339119
649347029
649695190
649698763
651442150
651451773
655950178
655955936
656490454
656491289
660413540
660415849
661225125
661228303
661883020
661885088
665898003
665906235
667889532
667890708
686222356
686228391
687898977
687905655
691270363
691274391
698255749
698262965
699502657
699506790
701838655
701848545
706602090
706606576
708809024
708818169
711894146
711903439
718650554
718655131
722529282
722532405
723633241
723634571
728747955
728757170
729446197
729451488
731079270
731084095
732681305
732684433
738661785
738667978
744629972
744637278
745138972
745148783
751614703
751622187
752525965
752533391
753244130
753249177
753590263
753597022
754207139
754216567
757563956
757571709
762888543
762893361
763145111
763150261
763950541
763959368
764710106
764715381
765832606
765834103
765903664
765906204
773601482
773609605
775511941
775519962
775652865
775659537
779517352
779524831
790565430
790571035
791059839
791065791
797345490
797348952
798754486
798763099
800263146
800265297
809990883
809999746
810480599
810484150
813675418
813681667
813772578
813774100
815115094
815119646
816119210
816128597
818481721
818487403
821607484
821609793
829318233
829320234
829459048
829465419
833260792
833267461
840925519
840933690
843074048
843079573
844875969
844880862
846080390
846086559
853808947
853814695
854235172
854244021
855102481
855106118
855600927
855608471
860652101
860657947
865751588
865756956
869023607
869025311
875193489
875201053
875338408
875347650
879367269
879373743
882269116
882276919
884004914
884008562
885570470
885576477
893245912
893253684
893413599
893415664
897964983
897970677
899988107
899989699
901176031
901178459
906136589
906142546
915298945
915306686
915966890
915973254
919354923
919359403
920639328
920648973
920981090
920982066
925504219
925511950
932315491
932325082
934250072
934258479
940540652
940549599
952908962
952910310
955261657
955262923
956679251
956684386
958102548
958110935
960237623
960240027
964084241
964091041
969484813
969490456
972017176
972021107
976498793
976502440
979134876
979138722
982069140
982074990
986505170
986507907
988072881
988075782
991527742
991535367
992699021
992704956
995020105
995025356
999984682
999987012
1000258990
1000268681
1000753186
1000759998
1006577261
1006582061
1010388103
1010392975
1014655444
1014656537
1016203251
1016207608
1017765592
1017767022
1018737745
1018745324
1024184116
1024189212
1025350993
1025358006
1027975495
1027985202
1029247678
1029253578
1029599036
1029608901
1031924538
1031930559
1033814654
1033824534
1035362338
1035364430
1036083636
1036091846
1037693122
1037694832
1038693836
1038700270
1039115598
1039117533
1039689773
1039697937
1040977726
1040984407
1041228553
1041230114
1044135808
1044144296
1045040954
1045043983
1048395063
1048399943
1049544371
1049550307
1049799909
1049806229
1050280120
1050287191
1051738109
1051744054
1053777142
1053782546
1054682355
1054690051
1057453487
1057459933
1063319885
1063325925
1070264672
1070272186
1072768964
1072776970
1073806266
1073815031
1077133617
1077136610
1085907261
1085915698
1092923793
1092925082
1093810279
1093817551
1094070287
1094073476
1103599924
1103605007
1104854193
1104860432
1107510723
1107515528
1108877488
1108885617
1110519136
1110527062
1111642296
1111651679
1112595505
1112596059
1115374390
1115375859
1120604086
1120611425
1121887739
1121895639
1122152830
1122157516
1124668043
1124674555
1130288530
1130289166
1138217017
1138222730
1138598570
1138605147
1141066892
1141071982
1143328554
1143329734
1144055913
1144060943
1154888439
1154897566
1157440360
1157449247
1160474041
1160476425
1164182110
1164191426
1164223259
1164225126
1168214741
1168221817
1168670836
1168672045
1169032203
1169042091
1172064285
1172067853
1172407615
1172411137
1176898761
1176901154
1181205025
1181209993
1183723805
1183731551
1206123594
1206124852
1206863396
1206870344
1209842624
1209845535
1214385371
1214391657
1214827453
1214833473
1222902743
1222903358
1228478721
1228485516
1232865537
1232872597
1236414249
1236418607
1241708229
1241716684
1243173325
1243175687
1243246401
1243247417
1247100969
1247103791
1254383225
1254385781
1256247516
1256250761
1256686513
1256696045
1258144127
1258146495
1263044403
1263048503
1265033540
1265042314
1266419891
1266427018
1270126022
1270127823
1281856638
1281862154
1283230430
1283235068
1284066519
1284071856
1288246476
1288255918
1292634233
1292637883
1293874920
1293875585
1296619899
1296626915
1297271834
1297282417
1298576639
1298582704
1298658233
1298660756
1300693243
1300702804
1301163298
1301165359
1302617161
1302622199
1309438636
1309444539
1313353368
1313357934
1314772328
1314780862
1315768865
1315770781
1317281081
1317287511
1319965481
1319969771
1320916579
1320926206
1324623724
1324628571
1328857798
1328865667
1337420569
1337428693
1339342860
1339351501
1340658271
1340666738
1341853347
1341855874
1343211024
1343213346
1344756126
1344760393
1345177176
1345186339
1346830843
1346838046
1347676407
1347681728
1349397520
1349403533
1350321249
1350330483
1357032882
1357038471
1368777030
1368780228
1375448422
1375456933
1376254608
1376258245
1378167438
1378174686
1378783354
1378787709
1386419192
1386425845
1391179044
1391181233
1397328760
1397338040
1398329586
1398332448
1398393644
1398394778
1402085408
1402088745
1402599090
1402601521
1403766855
1403768466
1405980188
1405986864
1407132447
1407135513
1410473023
1410475076
1410675243
1410679875
1414311551
1414314545
1414324825
1414332675
1415474242
1415483696
1415863469
1415872064
1416812764
1416813483
1418980712
1418985374
1419998029
1419998853
1422068631
1422077580
1424408155
1424414648
1432240116
1432248316
1434077473
1434078421
1435201256
1435205576
1436096805
1436105634
1436256147
1436260902
1437095033
1437097107
1438848201
1438856880
1441600336
1441606631
1445688242
1445693145
1445724708
1445725457
1446545070
1446547620
1446572927
1446574537
1447228951
1447235023
1448951568
1448957652
1452306922
1452312295
1453597942
1453598896
1458997022
1459000586
1461307289
1461312287
1463153285
1463161429
1463423679
1463429371
1463434793
1463439112
1466098604
1466100555
1466880032
1466887939
1469236916
1469239373
1469395681
1469405536
1471801673
1471808841
1473787680
1473792832
1475389366
1475390697
1478041408
1478045265
1478726549
1478731242
1481874023
1481874970
1483370859
1483373254
1485226533
1485236239
1494484416
1494485240
1494497963
1494501211
1496503646
1496507955
1498903597
1498909102
1504216893
1504221400
1509925737
1509928079
1510946797
1510949725
1511463593
1511465294
1515191011
1515200143
1516448060
1516454620
1525477436
1525478855
1526142557
1526152072
1531473755
1531479886
1535570515
1535571227
1541103186
1541107472
1544196920
1544199276
1545255578
1545259713
1552221358
1552228701
1553538800
1553541237
1555625346
1555630041
1555797070
1555797666
1557402853
1557409638
1565132020
1565133097
1566341506
1566349896
1569799293
1569802912
1571506022
1571509889
1572082205
1572091803
1573280983
1573285657
1573729724
1573730721
1577081023
1577084657
1577548066
1577549846
1578050226
1578059181
1578349762
1578353972
1578780004
1578785336
1578798922
1578807185
1580889667
1580891420
1582859885
1582868358
1586837596
1586846864
1587890710
1587898446
1597983601
1597992644
1599076847
1599080156
1610435197
1610441033
1612570261
1612577132
1613200119
1613207748
1613994943
1614004629
1616114063
1616120151
1617644647
1617654014
1628667836
1628673824
1633245119
1633254650
1633952233
1633956019
1635757955
1635760452
1637195653
1637201854
1637244880
1637252370
1638952250
1638960656
1646999101
1647005763
1654274562
1654280216
1658463379
1658464981
1661718897
1661727819
1664098745
1664103388
1664734706
1664740615
1666080864
1666085189
1666484918
1666488947
1667413468
1667416660
1672371990
1672375243
1681641011
1681642620
1685320806
1685325747
1689967719
1689973559
1691422335
1691423994
1692339885
1692346907
1692526196
1692536024
1699092822
1699102148
1699875457
1699880401
1700088773
1700089789
1700380461
1700388967
1702885673
1702893999
1704074193
1704083789
1704446825
1704451466
1707736828
1707740289
1707751221
1707754166
1721481420
1721483581
1727477053
1727481444
1728326979
1728330771
1730690559
1730693443
1732113966
1732121862
1734744939
1734749399
1736398990
1736402821
1737112197
1737115895
1740258650
1740263018
1740735696
1740740697
1744079366
1744083161
1747665045
1747666941
1748379360
1748387578
1751004407
1751013625
1756978692
1756988109
1757678666
1757684611
1757691115
1757692216
1757858760
1757868276
1766022057
1766031245
1768584677
1768585329
1771887278
1771889808
1774539140
1774548126
1774738372
1774739723
1777192488
1777199257
1777800988
1777803337
1782447616
1782449915
1783126099
1783127669
1787172529
1787176043
1790005687
1790014254
1794992280
1794997805
1808107801
1808108717
1808667969
1808677946
1811504969
1811506953
1815343371
1815351421
1820633307
1820636440
1830382926
1830390386
1831475144
1831481461
1839480272
1839489408
1844713708
1844714551
1846177809
1846182534
1851464845
1851466881
1852980043
1852982847
1857314840
1857323570
1859157936
1859160687
1863313297
1863316078
1863583712
1863584379
1865737037
1865738580
1866882019
1866883969
1868265966
1868272803
1871446645
1871454829
1872298051
1872300496
1874190778
1874193833
1875365004
1875371643
1885175723
1885179398
1896497804
1896506639
1904271850
1904280798
1904790201
1904792990
1905237097
1905240217
1905461329
1905467582
1907247790
1907257381
1908011360
1908011900
1911499621
1911503673
1913763652
1913764390
1915425713
1915433056
1915515305
1915524693
1917179963
1917187435
1918085324
1918094792
1918195383
1918195999
1921693332
1921697259
1926827881
1926834130
1928798678
1928806016
1930282775
1930291455
1930338280
1930342675
1934953779
1934959413
1938133026
1938142602
1939678031
1939687428
1946886917
1946895121
1947977910
1947979529
1950480437
1950484504
1955601354
1955604837
1958276844
1958280194
1959520325
1959530025
1961682880
1961688583
1963948242
1963952832
1964340738
1964350234
1977927993
1977930192
1980501247
1980508103
1984349335
1984353815
1987012090
1987021428
1988545177
1988554788
1991121220
1991131047
1992678542
1992684430
1995647207
1995653879
2001005683
2001012886
2004988783
2004996663
2005242629
2005249322
2006762109
2006768760
2008415834
2008418581
2013267848
2013271355
2015037897
2015041918
2017663625
2017666996
2018564305
2018569057
2018991394
2019000193
2024257240
2024258651
2027045549
2027050883
2027144224
2027145134
2029704175
2029708940
2032009774
2032015687
2032887533
2032889661
2039478361
2039484142
2039618754
2039621912
2041590940
2041596902
2046671632
2046674986
2049257036
2049258749
2049987912
2049991892
2051661807
2051671377
2061025980
2061030610
2066313299
2066313927
2067794691
2067795253
2070117096
2070122991
2070595112
2070595716
2073765241
2073769950
2075049911
2075052493
2077228993
2077230758
2080462014
2080464933
2081535677
2081541802
2084777750
2084780941
2084869036
2084875466
2087615942
2087625599
2091235526
2091243634
2095184198
2095185683
2096845060
2096853612
2100450162
2100453498
2103327677
2103328407
2104217991
2104224651
2107622042
2107627795
2108239181
2108243811
2113968433
2113969367
2118164803
2118167133
2127170675
2127177965
2131132138
2131137603
2133610430
2133620033
2134455529
2134464839
2144376360
2144379972
2149891985
2149899141
2151256601
2151263248
2155909394
2155912307
2164361732
2164370939
2171273365
2171281022
2173100823
2173102594
2175968365
2175977687
2177787303
2177794955
2179413014
2179421691
2179671799
2179677283
2179998787
2180004134
2183520797
2183528156
2189797569
2189803988
2192734292
2192737237
2193557623
2193558230
2199640305
2199643015
2200010765
2200017541
2200059886
2200065541
2202323396
2202331202
2202410054
2202414093
2210629777
2210632548
2219179409
2219182730
2221052645
2221055971
2223397057
2223398071
2230383374
2230391455
2234700547
2234703300
2249034469
2249040579
2250722899
2250727972
2250919766
2250920974
2251653520
2251662329
2251944891
2251950701
2253055902
2253065657
2253526838
2253535247
2255624846
2255634790
2263957455
2263967359
2264873028
2264882538
2265838466
2265846644
2266366070
2266370661
2267466722
2267471677
2269063597
2269066955
2271485037
2271485555
2274013974
2274017995
2276335977
2276343828
2282391358
2282399539
2284558282
2284565229
2285196974
2285205579
2287692483
2287693090
2288127477
2288131008
2289090087
2289095994
2292802332
2292806244
2295175700
2295176266
2297281262
2297288353
2299883759
2299887433
2301854699
2301855354
2302410083
2302413606
2303736899
2303744094
2304705987
2304707631
2304822794
2304824643
2305547754
2305556456
2306104043
2306112941
2318394216
2318399298
2321742537
2321745723
2322787192
2322793304
2328806491
2328813773
2332871179
2332872104
2334100450
2334109368
2337225265
2337229795
2342368337
2342377007
2342838725
2342843231
2351315122
2351317133
2351562022
2351564336
2351848861
2351850378
2351926787
2351931666
2352962672
2352970858
2357131687
2357140569
2357839974
2357840603
2358819508
2358823418
2360317222
2360327074
2368797742
2368799047
2369855450
2369857111
2371962246
2371966029
2374176055
2374178398
2377257320
2377262690
2380715589
2380724423
2383721288
2383729483
2391842819
2391850027
2395073034
2395080002
2396257092
2396257839
2398215637
2398222786
2414530662
2414531366
2417088057
2417092990
2422622716
2422631456
2428267971
2428277580
2431815973
2431825414
2432128371
2432136859
2432402975
2432412658
2433838403
2433844963
2437870202
2437871823
2442196131
2442204137
2442528000
2442531382
2455626738
2455629896
2455733615
2455741331
2462721509
2462728854
2465348444
2465349681
2467900517
2467904916
2470185430
2470188010
2470208815
2470217710
2481931032
2481936182
2482252857
2482254369
2482503368
2482507340
2484040793
2484044254
2491642017
2491646075
2495035243
2495041766
2495374796
2495381662
2498212154
2498214534
2498246991
2498252594
2500942626
2500944869
2501906384
2501913815
2502583761
2502589660
2503695339
2503702959
2504766179
2504776053
2506484646
2506486799
2507306593
2507312567
2507569407
2507578180
2508652684
2508659970
2512776405
2512785320
2514724279
2514732882
2516257424
2516266180
2519802100
2519805190
2521864303
2521870499
2529228313
2529230534
2531767456
2531773197
2533437917
2533438909
2535492996
2535501240
2536264906
2536266655
2542193762
2542197879
2544249900
2544250422
2549632262
2549634774
2550412330
2550421808
2553613197
2553622003
2558323083
2558323978
2565113732
2565120107
2567494625
2567500134
2570000158
2570003915
2570893451
2570894241
2571497562
2571506448
2574662130
2574667138
2574908544
2574910963
2583543406
2583550591
2585550636
2585554734
2589837442
2589838285
2590850489
2590859150
2600716616
2600718045
2603616207
2603623161
2606434472
2606441412
2607751639
2607760598
2611887415
2611895098
2613890246
2613896163
2614895349
2614896951
2615607342
2615614196
2622751069
2622753489
2625396636
2625403473
2627693412
2627700693
2630890273
2630896645
2633424002
2633427697
2634736233
2634737138
2637492850
2637496233
2640099916
2640103121
2641483731
2641490815
2641728525
2641731025
2643770045
2643776673
2644565775
2644575485
2644674204
2644682101
2645856028
2645857454
2647458635
2647461360
2650246591
2650252595
2650375961
2650376490
2651625529
2651627177
2651950337
2651958127
2652904454
2652911615
2658938351
2658946220
2659238159
2659244366
2661424529
2661429548
2665236435
2665239860
2667236184
2667245391
2669703205
2669704796
2669763387
2669766230
2672089215
2672091860
2672967918
2672977598
2674198282
2674205057
2680074448
2680084403
2684347703
2684350337
2689394148
2689399701
2691735721
2691738940
2691752182
2691755908
2695653721
2695662244
2696247426
2696256448
2698535916
2698541406
2702077851
2702082727
2704508821
2704510029
2706921077
2706925446
2716504702
2716508486
2718760173
2718768322
2728945808
2728955790
2733435457
2733440173
2734791085
2734800555
2739341666
2739346454
2739835120
2739839050
2742179055
2742183066
2742477708
2742483294
2747601801
2747602337
2750642346
2750648769
2752779888
2752786545
2754256184
2754258485
2758064520
2758074516
2765142121
2765143895
2765698852
2765701407
2768293391
2768296549
2768454330
2768458302
2772048541
2772050688
2775507459
2775515956
2777034421
2777040322
2777300653
2777305730
2778744506
2778749951
2779116345
2779120665
2779656833
2779661707
2779803236
2779813132
2780318220
2780326731
2781255625
2781258143
2788178853
2788185242
2793482524
2793485656
2794099332
2794103483
2797306682
2797314701
2798396513
2798399143
2798448995
2798452956
2803033567
2803042161
2804219827
2804225532
2807289261
2807290772
2808298643
2808301202
2812343663
2812352797
2812697247
2812697871
2814965792
2814968586
2816499678
2816504463
2825499875
2825506553
2826257207
2826263811
2827395643
2827404286
2827844872
2827854150
2830103264
2830111914
2831379480
2831381717
2832943448
2832950700
2835870928
2835878520
2838306149
2838309061
2838619400
2838626274
2841525202
2841529695
2842659615
2842661362
2842946862
2842948512
2846024209
2846034068
2848034849
2848043942
2849042254
2849048857
2854152221
2854160094
2854263134
2854267597
2857364683
2857374460
2859921062
2859930075
2865208524
2865212836
2867005397
2867012867
2870131900
2870138954
2871445386
2871447210
2872754050
2872760639
2874800000
